[gd_scene load_steps=12 format=2]

[ext_resource path="res://assets/structures/StoneWall/data/StoneWall.material" type="Material" id=1]
[ext_resource path="res://assets/structures/StoneWall/data/Segment90_Diagonal.mesh" type="ArrayMesh" id=2]
[ext_resource path="res://scripts/structures/StructureBuildingMaterializer.gd" type="Script" id=3]
[ext_resource path="res://scripts/structures/WallElementBase.gd" type="Script" id=4]
[ext_resource path="res://world/materials/structure_preview_green.tres" type="Material" id=5]
[ext_resource path="res://world/materials/structure_preview_red.tres" type="Material" id=6]

[sub_resource type="BoxShape" id=1]
extents = Vector3( 1.207, 2, 1.207 )

[sub_resource type="BoxShape" id=5]
extents = Vector3( 0.2, 2, 0.2 )

[sub_resource type="BoxShape" id=2]
extents = Vector3( 1, 2, 1 )

[sub_resource type="BoxShape" id=3]
extents = Vector3( 1, 2, 0.207 )

[sub_resource type="BoxShape" id=4]
extents = Vector3( 0.207, 2, 1 )

[node name="Wall90Diagonal" type="Spatial"]
script = ExtResource( 4 )
connector_positions = PoolVector3Array( 2, 0, 2, -2, 0, 2 )

[node name="Visual" type="MeshInstance" parent="."]
transform = Transform( -1, 0, -3.25841e-07, 0, 1, 0, 3.25841e-07, 0, -1, 0, 0, 0 )
mesh = ExtResource( 2 )
material/0 = ExtResource( 1 )
script = ExtResource( 3 )
green_material = ExtResource( 5 )
red_material = ExtResource( 6 )

[node name="DetectionArea" type="Area" parent="."]
input_ray_pickable = false
monitorable = false
collision_layer = 0
collision_mask = 64

[node name="CollisionShape" type="CollisionShape" parent="DetectionArea"]
transform = Transform( 0.707107, 0, 0.707107, 0, 1, 0, -0.707107, 0, 0.707107, 0, 2, 0.1 )
shape = SubResource( 1 )

[node name="CollisionShape2" type="CollisionShape" parent="DetectionArea"]
transform = Transform( 0.707107, 0, 0.707107, 0, 1, 0, -0.707107, 0, 0.707107, 0, 2, 2.5 )
shape = SubResource( 5 )

[node name="CollisionBody" type="StaticBody" parent="."]
visible = false
collision_layer = 65

[node name="CollisionShape" type="CollisionShape" parent="CollisionBody"]
transform = Transform( 0.707107, 0, 0.707107, 0, 1, 0, -0.707107, 0, 0.707107, 0, 2, 0 )
shape = SubResource( 2 )

[node name="CollisionShape2" type="CollisionShape" parent="CollisionBody"]
transform = Transform( 0.707107, 0, 0.707107, 0, 1, 0, -0.707107, 0, 0.707107, 0.855923, 2, 0.855923 )
shape = SubResource( 3 )

[node name="CollisionShape3" type="CollisionShape" parent="CollisionBody"]
transform = Transform( 0.707107, 0, 0.707107, 0, 1, 0, -0.707107, 0, 0.707107, -0.856, 2, 0.856 )
shape = SubResource( 4 )
[connection signal="build" from="." to="Visual" method="_on__build"]
[connection signal="mark_preview_availability" from="." to="Visual" method="_on_mark_preview_availability"]
